8
1
PLAYER
0,3,1,4,1323777293,1,0,2884
2831
20,0,0,0,0,0,0,0,0,0,0,0,0,0,0,14,0,1,1,0,12,0
-1
-1
-1
-1
-1
-1
-1
-1
-1
-1
-1
-1
-1
-1
-1
-1
-1
-1
-1
-1
-1
-1
-1
-1
-1
-1
-1
-1
-1
-1
-1
-1
-1
-1
-1
-1
-1
-1
-1
-1
-1
-1
-1
-1
-1
-1
-1
-1
-1
-1
-1
-1
-1
-1
-1
-1
-1
-1
-1
-1
-1
-1
-1
-1
-1
-1
-1
-1
-1
-1
-1
-1
-1
-1
-1
-1
-1
-1
-1
-1
-1
-1
-1
-1
-1
-1
-1
-1
-1
-1
-1
-1
-1
-1
-1
-1
-1
-1
0,7,8,128,240,0,1,10,10,0,1
1,7,25,128,6483138,0,3,10,10,391264,1
-1
-1
-1
-1
-1
7,7,127,128,0,0,3,10,10,0,1
-1
-1
-1
-1
-1
-1
0,8,8,145,0,0,1,10,10,0,1
1,8,25,145,0,0,3,10,10,0,1
-1
-1
-1
-1
-1
7,8,127,145,6,0,2,10,10,0,1
8,8,144,145,5769344,0,3,10,10,10,1
-1
-1
-1
12,8,212,145,8296,0,3,10,10,64512,1
-1
0,9,8,162,0,0,2,10,10,0,1
1,9,25,162,0,0,2,10,10,5734368,1
2,9,42,162,1145258561,0,2,10,10,0,1
-1
4,9,76,162,0,0,3,10,10,5767168,1
-1
6,9,110,162,0,0,2,10,10,0,1
7,9,127,162,5770512,0,2,10,10,10,1
8,9,144,162,6,0,3,10,10,0,1
-1
-1
11,9,195,162,0,0,1,10,10,0,1
12,9,212,162,8296,0,3,10,10,64512,1
-1
0,10,8,179,208,0,1,10,10,210,1
1,10,25,179,0,0,2,10,10,385875968,1
2,10,42,179,829252967,0,3,10,10,0,1
-1
4,10,76,179,0,0,2,10,10,5770240,1
-1
6,10,110,179,7,0,3,10,10,0,1
7,10,127,179,0,0,3,10,10,29,1
8,10,144,179,538976256,0,1,10,10,538976256,1
-1
-1
11,10,195,179,0,0,2,10,10,0,1
12,10,212,179,8296,0,1,10,10,8296,1
-1
0,11,8,196,144,0,1,10,10,0,1
1,11,25,196,0,0,3,10,10,201330688,1
2,11,42,196,5770512,0,3,10,10,10,1
3,11,59,196,20,0,2,10,10,6469488,1
4,11,76,196,0,0,3,10,10,5767168,1
5,11,93,196,0,0,2,10,10,0,1
6,11,110,196,5696256,0,3,10,10,0,1
7,11,127,196,30412,0,1,10,10,0,1
8,11,144,196,0,0,1,10,10,201330688,1
9,11,161,196,6,0,1,10,10,0,1
10,11,178,196,92,0,2,10,10,188,1
11,11,195,196,0,0,1,10,10,0,1
12,11,212,196,29,0,3,10,10,32,1
-1
0,12,8,213,1000,0,3,10,10,9,1
1,12,25,213,5583728,0,1,10,10,0,1
2,12,42,213,1000,0,1,10,10,9,1
3,12,59,213,1000,0,31,10,10,9,1
4,12,76,213,1,0,2,10,10,0,1
5,12,93,213,0,0,2,10,10,1965127873,1
6,12,110,213,1181773122,0,1,10,10,0,1
7,12,127,213,2809232,0,3,10,10,0,1
8,12,144,213,0,0,1,10,10,6094848,1
9,12,161,213,2419776,0,1,10,10,0,1
10,12,178,213,5770512,0,3,10,10,10,1
11,12,195,213,29,0,1,10,10,32,1
12,12,212,213,1000,0,1,10,10,9,1
13,12,229,213,5583728,0,2,10,10,63519,1
0,13,8,230,192,0,2,10,10,0,1
1,13,25,230,0,0,3,10,10,240,1
2,13,42,230,0,0,2,10,10,0,1
3,13,59,230,0,0,1,10,10,0,1
4,13,76,230,0,0,3,10,10,0,1
5,13,93,230,11543,0,2,10,10,0,1
6,13,110,230,5696112,0,1,10,10,0,1
7,13,127,230,34675,0,2,10,10,0,1
8,13,144,230,-4035,0,2,10,10,0,1
9,13,161,230,5583632,0,3,10,10,0,1
10,13,178,230,5583632,0,2,10,10,43920,1
11,13,195,230,192,0,1,10,10,200,1
12,13,212,230,3538944,0,2,10,10,0,1
13,13,229,230,3825,0,1,10,10,2097152,1
43
7209065,0,7471207,6553705,3276849,3211384
1
PLAYER
-1,3,2,114,1374108941,1,0,363
303
5,0,0,0,0,0,0,0,0,0,90,0,0,0,25,5,0,0,1,1,0,0
-1
-1
-1
-1
-1
-1
-1
-1
-1
-1
-1
-1
-1
-1
-1
-1
-1
-1
-1
-1
-1
-1
-1
-1
-1
-1
-1
-1
-1
-1
-1
-1
-1
-1
-1
-1
-1
-1
-1
-1
-1
-1
-1
-1
-1
-1
-1
-1
-1
-1
-1
-1
-1
-1
-1
-1
-1
-1
-1
-1
-1
-1
-1
-1
51
7077989,1,7143521,6422629,6488161,3014763,6537804
1
PLAYER
101,1,2,-10019271,-639156979,1,0,1237
1181
14,0,0,0,0,0,0,0,0,0,0,538973984,0,0,0,10,538971648,1,0,0,0,0
-1
1,0,35,11,1000,0,6,10,10,9,1
-1
3,0,83,11,-4576,0,5,10,10,0,1
4,0,107,11,176,0,4,10,10,110,1
-1
6,0,155,11,30,0,1,10,10,0,1
-1
8,0,203,11,-132122593,0,2,10,10,-132122593,1
-1
-1
-1
-1
3,1,83,35,0,0,4,10,10,0,1
-1
-1
-1
7,1,179,35,128,0,3,10,10,0,1
-1
-1
0,2,11,59,524648,0,2,10,10,11,1
-1
-1
-1
-1
-1
-1
-1
-1
-1
-1
1,3,35,83,-65536,0,5,10,10,-1,1
-1
-1
-1
-1
6,3,155,83,1180762,0,3,10,10,0,1
-1
-1
-1
-1
-1
2,4,59,107,700,0,5,10,10,2099201,1
3,4,83,107,0,0,6,10,10,0,1
-1
-1
-1
-1
-1
-1
-1
-1
-1
3,5,83,131,33686017,0,6,10,10,33685762,1
-1
-1
-1
-1
-1
9,5,227,131,3,0,4,10,10,7,1
-1
-1
-1
-1
-1
-1
6,6,155,155,0,0,4,10,10,0,1
7,6,179,155,0,0,1,10,10,7647679,1
8,6,203,155,524648,0,1,10,10,17,1
9,6,227,155,0,0,2,10,10,0,1
-1
-1
-1
3,7,83,179,3477,0,2,10,10,0,1
-1
-1
-1
-1
8,7,203,179,0,0,6,10,10,0,1
-1
-1
1,8,35,203,5,0,1,10,10,15,1
-1
-1
4,8,107,203,3590768,0,3,10,10,0,1
5,8,131,203,0,0,5,10,10,0,1
-1
-1
-1
-1
-1
-1
2,9,59,227,1162233672,0,3,10,10,1852795252,1
-1
4,9,107,227,240,0,5,10,10,0,1
-1
-1
-1
-1
-1
46
3,0,0,0,10000,25,0,0,0,0,0,0,0,0,0,0,4682160
1
PLAYER
1,1,1,0,-1679344371,1,1133,2285
2239
20,0,0,0,0,0,0,0,0,0,0,0,0,0,0,8,1,1,1,1,0,0
0,0,14,14,5881520,0,4,10,10,5,1
1,0,44,14,5845456,0,6,10,10,5,1
2,0,74,14,5850768,0,6,10,10,5,1
3,0,104,14,7,0,3,10,10,6039008,1
4,0,134,14,0,0,5,10,10,0,1
5,0,164,14,6055218,0,2,10,10,391264,1
6,0,194,14,0,0,4,10,10,0,1
7,0,224,14,768,0,3,10,10,0,1
0,1,14,44,7,0,6,10,10,0,1
1,1,44,44,6,0,4,10,10,7,1
2,1,74,44,5,0,2,10,10,4,1
3,1,104,44,0,0,3,10,10,291752019,1
4,1,134,44,-35635562,0,5,10,10,-100071484,1
5,1,164,44,955120699,0,5,10,10,-1408898172,1
6,1,194,44,-535609845,0,1,10,10,606593898,1
7,1,224,44,-1255062563,0,5,10,10,6865275,1
0,2,14,74,-1506716433,0,5,10,10,708797275,1
1,2,44,74,-1344874730,0,3,10,10,691675864,1
2,2,74,74,1913092038,0,5,10,10,1297832521,1
3,2,104,74,0,0,1,10,10,0,1
4,2,134,74,5881520,0,6,10,10,5,1
5,2,164,74,5845456,0,5,10,10,5,1
6,2,194,74,5850768,0,1,10,10,10,1
7,2,224,74,7,0,6,10,10,0,1
0,3,14,104,220,0,1,10,10,273,1
1,3,44,104,275,0,1,10,10,285,1
2,3,74,104,5881520,0,6,10,10,5,1
3,3,104,104,5845456,0,3,10,10,5,1
4,3,134,104,5850288,0,5,10,10,0,1
5,3,164,104,5832704,0,4,10,10,0,1
6,3,194,104,5850144,0,5,10,10,0,1
7,3,224,104,5832704,0,1,10,10,0,1
0,4,14,134,9,0,1,10,10,0,1
1,4,44,134,7,0,4,10,10,0,1
2,4,74,134,5881520,0,5,10,10,5,1
3,4,104,134,5845456,0,5,10,10,5,1
4,4,134,134,8,0,1,10,10,0,1
5,4,164,134,6,0,2,10,10,0,1
6,4,194,134,0,0,1,10,10,7,1
7,4,224,134,25,0,3,10,10,19,1
0,5,14,164,-574639910,0,3,10,10,2036947632,1
1,5,44,164,0,0,1,10,10,721244647,1
2,5,74,164,-952230677,0,3,10,10,0,1
3,5,104,164,0,0,1,10,10,0,1
4,5,134,164,5881520,0,6,10,10,5,1
5,5,164,164,6,0,5,10,10,0,1
6,5,194,164,10,0,4,10,10,0,1
7,5,224,164,7,0,6,10,10,0,1
0,6,14,194,0,0,3,10,10,0,1
1,6,44,194,0,0,4,10,10,0,1
2,6,74,194,89,0,5,10,10,0,1
3,6,104,194,5881520,0,6,10,10,5,1
4,6,134,194,256,0,1,10,10,1186690073,1
5,6,164,194,2799296,0,4,10,10,5107456,1
6,6,194,194,1280134735,0,4,10,10,0,1
7,6,224,194,971476576,0,1,10,10,-1176443582,1
0,7,14,224,240,0,1,10,10,0,1
1,7,44,224,208,0,1,10,10,0,1
2,7,74,224,0,0,4,10,10,0,1
3,7,104,224,2032464,0,3,10,10,4,1
4,7,134,224,89,0,1,10,10,0,1
5,7,164,224,5840450,0,536870916,10,10,391264,1
6,7,194,224,0,0,3,10,10,5835776,1
7,7,224,224,2799296,0,1,10,10,0,1
36
0,1,0,0,0,7471216
1
5,7
0
0
0
1
PLAYER
3,3,1,13,-421053171,1,0,1777
1590
3,0,0,0,0,0,0,0,0,0,-1,53,0,0,25,5,0,0,1,1,0,0
-1
-1
-1
-1
-1
-1
-1
-1
-1
-1
-1
-1
-1
-1
-1
-1
-1
-1
-1
-1
-1
-1
-1
-1
-1
-1
-1
-1
8,2,280,102,840,0,3,10,10,2097152,1
-1
-1
-1
-1
-1
4,3,192,123,17629453,0,5,10,10,17629453,1
-1
-1
-1
8,3,280,123,336,0,1,10,10,0,1
-1
-1
1,4,126,144,-9879,0,3,10,10,0,1
-1
-1
4,4,192,144,0,0,4,10,10,140,1
5,4,214,144,1000,0,3,10,10,6,1
-1
-1
8,4,280,144,320,0,4,10,10,170,1
-1
-1
1,5,126,165,5477520,0,4,10,10,0,1
-1
-1
4,5,192,165,5495664,0,5,10,10,100,1
5,5,214,165,0,0,4,10,10,201330688,1
6,5,236,165,3342336,0,5,10,10,0,1
7,5,258,165,5033264,0,2,10,10,80,1
8,5,280,165,0,0,5,10,10,0,1
9,5,302,165,8,0,4,10,10,0,1
-1
1,6,126,186,160,0,1,10,10,180,1
-1
-1
4,6,192,186,5694048,0,4,10,10,5,1
5,6,214,186,0,0,1,10,10,1869182049,1
6,6,236,186,5694048,0,2,10,10,5,1
7,6,258,186,524648,0,5,10,10,10,1
8,6,280,186,23187,0,2,10,10,0,1
9,6,302,186,7,0,2,10,10,0,1
-1
1,7,126,207,0,0,5,10,10,0,1
2,7,148,207,176,0,4,10,10,200,1
3,7,170,207,208,0,2,10,10,170,1
4,7,192,207,112,0,1,10,10,50,1
5,7,214,207,112,0,5,10,10,0,1
6,7,236,207,112,0,3,10,10,50,1
7,7,258,207,224,0,3,10,10,0,1
8,7,280,207,112,0,4,10,10,50,1
9,7,302,207,112,0,1,10,10,50,1
0,8,104,228,0,0,3,10,10,0,1
1,8,126,228,320,0,2,10,10,0,1
2,8,148,228,2538352,0,5,10,10,5693824,1
3,8,170,228,0,0,5,10,10,0,1
4,8,192,228,6619239,0,2,10,10,3014765,1
5,8,214,228,0,0,4,10,10,0,1
6,8,236,228,0,0,3,10,10,1936154988,1
7,8,258,228,5470128,0,3,10,10,10,1
8,8,280,228,1145258561,0,4,10,10,0,1
9,8,302,228,0,0,5,10,10,0,1
176
5,1,2,1,0,1,0,0
7143521,1,6488161,3014763,7340147,5,0
1
336,100,214,73,5032288,0,0,10,10,0,100
272,160,214,52,240,0,0,10,10,0,1
524648,201326595,214,31,100,0,0,10,10,7,1
1
PLAYER
99,2,11,3,1860541709,1,0,1067
993
3,0,0,0,16975111,0,0,40,0,0,18,3,0,0,25,5,151586824,0,0,1,0,201852420
-1
-1
-1
-1
-1
-1
-1
-1
-1
-1
-1
-1
-1
-1
-1
-1
-1
-1
-1
-1
-1
5,2,245,76,80,0,10,10,10,0,1
-1
-1
-1
-1
-1
-1
-1
5,3,245,106,304,0,7,10,10,0,1
-1
-1
-1
1,4,125,136,176,0,3,10,10,160,1
-1
-1
-1
5,4,245,136,304,0,11,10,10,130,1
-1
-1
-1
1,5,125,166,240,0,1,10,10,50,1
-1
3,5,185,166,240,0,7,10,10,0,1
-1
5,5,245,166,336,0,4,10,10,160,1
6,5,275,166,336,0,5,10,10,0,1
-1
0,6,95,196,524648,0,8,10,10,0,1
1,6,125,196,3997757,0,3,10,10,0,1
2,6,155,196,160,0,9,10,10,20,1
3,6,185,196,4045504,0,5,10,10,0,1
4,6,215,196,0,0,7,10,10,0,1
5,6,245,196,0,0,1,10,10,0,1
6,6,275,196,1000,0,10,10,10,9,1
7,6,305,196,368,0,5,10,10,0,1
0,7,95,226,0,0,1,10,10,160,1
1,7,125,226,320,0,2,10,10,0,1
2,7,155,226,160,0,3,10,10,0,1
3,7,185,226,304,0,7,10,10,0,1
4,7,215,226,208,0,3,10,10,0,1
5,7,245,226,1000,0,3,10,10,0,1
6,7,275,226,208,0,1,10,10,140,1
7,7,305,226,320,0,9,10,10,0,1
65
2220400,1,0,1024,0,11,0
245,1
304,60,245,16,176,0,1,10,10,0,1
1
PLAYER
1,3,1,9,-119063283,1,0,1619
1524
3,0,0,0,66573,201326592,0,0,0,0,0,1725,0,0,0,10,0,1,1,1,0,0
-1
-1
-1
-1
-1
-1
-1
-1
-1
-1
-1
-1
-1
-1
-1
-1
-1
-1
-1
-1
-1
-1
-1
-1
-1
-1
-1
-1
-1
-1
-1
-1
-1
-1
-1
-1
-1
-1
-1
-1
-1
-1
2,4,59,134,4648208,0,3,10,10,0,1
3,4,83,134,144,0,5,10,10,180,1
-1
-1
-1
-1
-1
9,4,227,134,4503328,0,2,10,10,10,1
-1
-1
2,5,59,158,4160688,0,5,10,10,0,1
3,5,83,158,0,0,3,10,10,201326851,1
4,5,107,158,144,0,1,10,10,180,1
5,5,131,158,538968064,0,4,10,10,387981344,1
-1
-1
-1
9,5,227,158,4503328,0,2,10,10,10,1
0,6,11,182,240,0,1,10,10,0,1
-1
2,6,59,182,0,0,5,10,10,0,1
3,6,83,182,875573548,0,4,10,10,824979505,1
4,6,107,182,132122592,0,1,10,10,132122592,1
5,6,131,182,0,0,5,10,10,0,1
-1
7,6,179,182,538968064,0,5,10,10,0,1
8,6,203,182,538976288,0,1,10,10,387981344,1
9,6,227,182,0,0,3,10,10,2097152,1
0,7,11,206,240,0,3,10,10,0,1
1,7,35,206,224,0,5,10,10,240,1
2,7,59,206,208,0,4,10,10,270,1
3,7,83,206,4124576,0,1,10,10,0,1
4,7,107,206,-8264,0,5,10,10,0,1
5,7,131,206,4056576,0,4,10,10,0,1
6,7,155,206,1000,0,4,10,10,9,1
7,7,179,206,176,0,2,10,10,0,1
8,7,203,206,3825,0,3,10,10,2097152,1
9,7,227,206,1000,0,1,10,10,9,1
0,8,11,230,128,0,4,10,10,180,1
1,8,35,230,0,0,5,10,10,0,1
2,8,59,230,4056576,0,2,10,10,0,1
3,8,83,230,0,0,3,10,10,0,1
4,8,107,230,4647536,0,2,10,10,5,1
5,8,131,230,4123792,0,1,10,10,5,1
6,8,155,230,4135712,0,1,10,10,10,1
7,8,179,230,0,0,1,10,10,201326851,1
8,8,203,230,0,0,4,10,10,0,1
9,8,227,230,385875968,0,3,10,10,538973952,1
85
35,0,0,770,1
151586824,1,50595078,65794,0,5
1
64,160,35,38,80,0,5,10,10,210,1
0
1
PLAYER
1,1,1,1000,-1478017779,1,0,2421
2379
10,0,0,0,7340147,114,0,0,0,1,-1,1,0,0,0,10,0,1,0,1,0,305922048
-1
-1
-1
3,0,83,11,128,0,5,10,10,20,1
-1
5,0,131,11,-926365696,0,5,10,10,13158600,1
6,0,155,11,320,0,4,10,10,60,1
7,0,179,11,320,0,5,10,10,0,1
8,0,203,11,4515488,0,4,10,10,5,1
9,0,227,11,4124160,0,1,10,10,0,1
0,1,11,35,29,0,6,10,10,800,1
1,1,35,35,240,0,2,10,10,60,1
2,1,59,35,144,0,2,10,10,70,1
3,1,83,35,-949604507,0,4,10,10,-189334667,1
4,1,107,35,320,0,6,10,10,60,1
5,1,131,35,4124160,0,6,10,10,90,1
6,1,155,35,4124160,0,1,10,10,0,1
7,1,179,35,-132122593,0,2,10,10,-132122593,1
8,1,203,35,791423744,0,1,10,10,2631460,1
-1
0,2,11,59,4515488,0,6,10,10,5,1
1,2,35,59,-132122593,0,2,10,10,-132122593,1
2,2,59,59,4,0,2,10,10,5,1
-1
-1
-1
6,2,155,59,0,0,5,10,10,-65536,1
7,2,179,59,-132122593,0,5,10,10,-132122593,1
-1
9,2,227,59,320,0,1,10,10,60,1
0,3,11,83,0,0,5,10,10,0,1
1,3,35,83,7,0,2,10,10,0,1
2,3,59,83,6619239,0,2,10,10,3014771,1
-1
4,3,107,83,29,0,536870915,10,10,32,1
5,3,131,83,63519,0,3,10,10,-132122593,1
-1
7,3,179,83,-939522560,0,4,10,10,460293,1
-1
9,3,227,83,29,0,4,10,10,32,1
0,4,11,107,0,0,1,10,10,0,1
-1
-1
-1
4,4,107,107,7,0,3,10,10,6,1
5,4,131,107,0,0,3,10,10,0,1
-1
7,4,179,107,144,0,6,10,10,60,1
8,4,203,107,4036336,0,5,10,10,0,1
9,4,227,107,-132122593,0,6,10,10,-132122593,1
-1
1,5,35,131,320,0,6,10,10,60,1
-1
3,5,83,131,0,0,4,10,10,0,1
-1
5,5,131,131,288,0,4,10,10,110,1
6,5,155,131,4515488,0,6,10,10,5,1
7,5,179,131,192,0,4,10,10,0,1
8,5,203,131,-132122593,0,5,10,10,-132122593,1
-1
0,6,11,155,-939524096,0,2,10,10,13107400,1
1,6,35,155,0,0,6,10,10,0,1
2,6,59,155,0,0,4,10,10,0,1
3,6,83,155,-132122593,0,6,10,10,-132122593,1
4,6,107,155,-132122593,0,1,10,10,-132122593,1
5,6,131,155,320,0,4,10,10,60,1
6,6,155,155,-939520000,0,3,10,10,855049,1
-1
-1
-1
-1
-1
-1
3,7,83,179,192,0,1,10,10,90,1
-1
5,7,131,179,29,0,6,10,10,32,1
-1
7,7,179,179,168233472,0,1,10,10,329737,1
8,7,203,179,0,0,3,10,10,0,1
9,7,227,179,4124160,0,6,10,10,0,1
0,8,11,203,4161552,0,3,10,10,0,1
1,8,35,203,200,0,6,10,10,7,1
-1
-1
-1
5,8,131,203,0,0,1,10,10,0,1
6,8,155,203,0,0,4,10,10,0,1
7,8,179,203,144,0,1,10,10,0,1
-1
-1
-1
-1
-1
3,9,83,227,320,0,3,10,10,60,1
4,9,107,227,240,0,5,10,10,0,1
5,9,131,227,0,0,5,10,10,0,1
6,9,155,227,4515488,0,5,10,10,5,1
-1
8,9,203,227,336,0,6,10,10,150,1
9,9,227,227,0,0,6,10,10,0,1
32
0,0,-160,305922048,524648,6
0
