Cyg, Cygnus, 20, 59, +49, 52, 8115, 7949, 7796, 7528, 7469, 7420, 7328, -1, 7924, 7796, 7417
Lyr, Lyra, 18, 50, +44, 45, 7001, 7056, 7139, 7178, 7106, 7056
Her, Hercules, 17, 59, +38, 49, 6406, 6148, 6212, 6220, 6168, 6092, 6023, 5982, -1, 6703, 6623, 6526, 6410, 6324, 6418, 6485, 6695, -1, 6095, 6148, -1, 6324, 6212, -1, 6418, 6220
CrB, Corona Borealis, 16, 11, +37, 39, 5971, 5947, 5889, 5849, 5793, 5747, 5778
UMa, Ursa Major, 11, 11, +50, 48, 5191, 5054, 4905, 4660, 4301, 3771, 3323, 3757, 3888, 3894, 3775, 4335, 4518, 4554, 4295, 4301, -1, 4554, 4660, -1, 4033, 4335, 4069, -1, 3569, 3775, 3594
Lyn, Lynx, 8, 30, +42, 26, 3705, 3690, 3612, 3579, 3275, 2818, 2560, 2238
Aur, Auriga, 7, 0, +40, 30, 2095, 2088, 1708, 1605, 1577, -1, 1641, 1605
Tau, Taurus, 5, 17, +26, 30, 1910, 1457, 1409, 1373, 1346, 1239, 1038, -1, 1791, 1409, 1329, 1256, 1165, -1, 1346, 1457
Per, Perseus, 4, 25, +45, 45, 1131, 1203, 1228, 1220, 1135, 1122, 1017, 915, 834, -1, 921, 936, 1017
Cas, Cassiopeia, 1, 42, +70, 31, 542, 403, 264, 168, 21
Cep, Cepheus, 21, 48, +69, 11, 7850, 7957, 8162, 8465, 8694, 8974, 8238, 8162, -1, 8694, 8238
Lac, Lacerta, 22, 45, +39, 31, 8538, 8585, 8541, 8572, 8523, 8579, 8485, 8498
Peg, Pegasus, 22, 35, +16, 25, 8308, 8450, 8634, 8665, 8781, 39, 15, 8775, 8781, -1, 8650, 8775, 8684, 8667
Vul, Vulpecula, 20, 56, +24, 14, 7744, 7653, 7592, 7405, 7306
Sge, Sagitta, 19, 29, +18, 41, 7635, 7536, 7479, -1, 7488, 7536
Del, Delphinus, 20, 58, +18, 41, 7852, 7858, 7882, 7928, 7948, 7906, 7882
Equ, Equuleus, 21, 18, +4, 47, 8131, 8178, 8123, 8097, 8034, 8131
Aqr, Aquarius, 23, 27, -12, 12, 8988, 8892, 8812, 8709, 8679, 8698, 8499, 8518, 8414, 8232, 8093, 7950, -1, 8148, 8499, -1, 8597, 8559, 8539, -1, 8559, 8518
Cap, Capricornus, 21, 5, -22, 29, 7754, 7776, 7822, 7936, 7980, 8204, 8288, 8322, 8278, 8075, 7776
Psc, Pisces, 0, 56, +11, 57, 352, 383, 360, 351, 437, 510, 596, 489, 434, 294, 224, 9072, 8969, 8984, 8911, 8852, 8878, 8916, 8969, -1, 8773, 8852
Cet, Cetus, 1, 57, -5, 3, 804, 754, 718, 813, 896, 911, 804, 779, 681, 539, 402, 334, 74, 188, 334, -1, 585, 509, 539
Tri, Triangulum, 1, 52, +33, 18, 544, 622, 664, 544
And, Andromeda, 0, 51, +45, 8, 226, 269, 337, 165, 15, -1, 603, 337
Aql, Aquila, 19, 58, -3,  40, 7710, 7570, 7377, 7557, 7525, -1, 7235, 7377, 7236, -1, 7602, 7557
Cam, Camelopardalis, 5, 51, +72, 32, 1568, 1603, 1542, 2209, 1148, 1155, 1035, -1, 2209, 2527, 4084
Sct, Scutum, 18, 47, -11, 11, 6973, 7063, 7119, 6930, 6973
Ser1, Serpens, 15, 56, +0, 24, 5899, 5879, 5867, 5788, 5854, 5892, 5881, 6056, -1, 5933, 5842
Ser2, Serpens, 18, 9, -13, 33, 6378, 6561, 6698, 6869, 7141
Oph, Ophiuchus, 17, 25, -4, 29, 6453, 6378, 6175, 6129, 6075, 6149, 6498, 6603, 6629, 6698, -1, 6299, 6556, 6603, -1, 6056, 6149, -1, 6147, 6175, -1, 6498, 6378, -1, 6714, 6629
Dra, Draco, 18, 52, +59, 40, 6688, 6705, 6536, 6555, 6688, 7310, 7582, 7352, 6927, 6396, 6132, 5986, 5744, 5291, 4787
UMi, Ursa Minor, 15, 37, +78, 44, 424, 6789, 6322, 5903, 6116, 5735, 5563, 5903
Boo, Bootes, 15, 17, +43, 14, 5340, 5429, 5435, 5602, 5681, 5506, 5340
CVn, Canes Venatici, 13, 55, +38, 20, 4915, 4785
LMi, Leo Minor, 11, 1, +32, 4, 4247, 4100, 3974, 3800
Com, Coma Berenices, 12, 56, +17, 56, 4968, 4983, 4737
Lep, Lepus, 5, 58, -22, 54, 2085, 1998, 1865, 1702, 1654, 1829, 1983, 2035, -1, 1756, 1702, 1696
Eri, Eridanus, 4, 14, -15, 50, 472, 566, 674, 721, 794, 897, 1008, 1106, 1195, 1393, 1347, 1240, 1173, 1088, 1003, 994, 919, 850, 818, 874, 984, 1084, 1136, 1162, 1231, 1298, 1463, 1520, 1666
Ori, Orion, 5, 16, +12, 59, 2061, 1948, 2004, 1713, 1852, 1790, 1907, 2061
For, Fornax, 2, 50, -36, 20, 963, 841, 612
Scl, Sculptor, 1, 7, -33, 47, 280, 9016, 8863, 8937
Cae, Caelum, 4, 47, -39, 49, 1443, 1502, 1503, 1652
Col, Columba, 6, 18, -41, 0, 2296, 2106, 2040, 1956, 1862, -1, 2120, 2040
CMa, Canis Major, 7, 9, -13, 34, 2282, 2618, 2646, 2693, 2491, 2294, -1, 2657, 2491, -1, 2827, 2693
Pup, Puppis, 6, 59, -45, 46, 2748, 2553, 2451, 2748, 2878, 2773, 3165, 3045, 3185, -1, 3165, 2878
Pyx, Pyxis, 9, 11, -30, 30, 3438, 3468, 3518
Vel, Vela, 9, 31, -45, 22, 4167, 4216, 3940, 3734, 3485, 3207, 3634, 3786, 4023, -1, 3634, 3734
Car, Carina, 7, 0, -60, 55, 3699, 3890, 3685, 4037, 4199, 4140, 4050, 3699, 3307, 3117, 2326
Mus, Musca, 12, 5, -72, 17, 4798, 4844, 4923, 4773, 4798, 4671, 4520
Aps, Apus, 16, 5, -74, 16, 5470, 6102, 6163, 6020
Cha, Chamaeleon, 11, 29, -80, 33, 3318, 4174, 4674, 4234, 3340
Ind, Indus, 20, 35, -51, 18, 8368, 8140, 7869, -1, 7986, 8140
Gru, Grus, 22, 45, -49, 52, 8353, 8486, 8556, 8636, 8675, 8747, -1, 8425, 8556
Phe, Phoenix, 23, 57, -51, 57, 322, 370, 429, 440, 338, 322, 100, 25
PsA, Piscis Austrinus, 22, 25, -31, 26, 8728, 8720, 8695, 8576, 8431, 8305, 8628, 8728
Mic, Microscopium, 21, 4, -36, 56, 8135, 8039, 7965, 7943, 8151, 8135
Tel, Telescopium, 18, 58, -49,  49, 6783, 6897, 7424, 7673, 7134, 6905, 6897
CrA, Corona Australis, 18, 48, -40, 26, 7021, 6942, 6951, 7062, 7188, 7242, 7259, 7254, 7226, 7152
Nor, Norma, 16, 11, -54, 36, 6072, 6115, 5980, 5962, 6072
Cir, Circinus, 15, 3, -49, 52, 5670, 5463, 5704
Cru, Crux, 12, 52, -61, 0, 4730, 4763, -1, 4853, 4656
Ant, Antila, 10, 41, -35, 20, 4273, 4104, 3765
Pav, Pavo, 18, 48, -64, 6, 7790, 7913, 7590, 6982, 6582, 6855, 7074, 7665, 7913, 8181
TrA, Triangulum Australis, 16, 34, -59, 43, 6217, 5897, 5771, 5671, 6217
Ara, Ara, 17, 50, -51, 46, 6743, 6510, 6461, 6462, 6500, -1, 6295, 6285, 6229, -1, 6285, 6461
Oct, Octans, 20, 15, -81, 10, 8630, 8254, 5339, 8630, 9084
Tuc, Tucana, 23, 48, -67, 50, 8502, 8540, 9076, 77, 126, 8848, 8502
Hyi, Hydrus, 1, 4, -71, 58, 591, 98, 1208
Ret, Reticulum, 3, 54, -58, 33, 1336, 1355, 1266, 1247, 1264, 1175, 1336
Dor, Dorado, 5, 5, -65, 55, 1338, 1465, 1922, 2015
Men, Mensa, 5, 53, -77, 57, 2261, 1953, 1629, 1677
Vol, Volans, 6, 59, -67, 53, 3347, 3223, 3024, 2736, 2803, 3347, 3615
Hor, Horlogium, 3, 52, -45, 55, 1326, 810, 778, 802, 934, 909
Pic, Pictor, 4, 57, -50, 43, 2550, 2042, 2020
Ari, Aries, 2, 53, +13, 54, 838, 617, 553, 546
Lup, Lupus, 15, 28, -32, 0, 5469, 5571, 5695, 5705, 5820, 5883, 5948, 5776, 5708, 5646, 5649, 5469
Cen, Centaurus, 13, 4, -40, 10, 5459, 5267, 5132, 5231, 5440, 5288, 5028, 4819, 4621, 4390, 4467, -1, 5132, 4819
Sco, Scorpius, 17, 16, -30, 58, 6580, 6630, 6615, 6553, 6380, 6271, 6247, 6241, 6165, 6134, 6084, 5953, 5984, 5978, 6031, -1, 5928, 5944, 5953
Crt, Crater, 11, 48, -21, 26, 4567, 4514, 4405, 4382, 4402, 4468, -1, 4343, 4405, -1, 4382, 4287
Crv, Corvus, 12, 50, -18, 50, 4630, 4786, 4757, 4662, 4630, 4623
Lib, Libra, 15, 27, -20, 8, 5603, 5531, 5685, 5787
Vir, Virgo, 14, 15, -0, 22, 4932, 4910, 4825, 4963, 5056, -1, 4540, 4689, 4825, -1, 5107, 4910
Cnc, Cancer, 8, 28, 14, 6, 3475, 3461, 3249, -1, 3572, 3461
Gem, Gemini, 7, 12, +29, 22, 2891, 2990, 2650, 2421, 2343, 2286, 2473, 2891, -1, 2777, 2763, 2484
Mon, Monoceros, 7, 50, -5, 43, 2227, 2356, 2714, 2970, 3188, -1, 2298, 2714
CMi, Canis Minor, 7, 52, +2, 47, 2943, 2845
Hya, Hydra, 12, 11, -29, 37, 5526, 5287, 5080, 5020, 4552, 4450, 4314, 4162, 4232, 4094, 3994, 3903, 3748, 3845, 3665, 3547, 3492, 3454, 3418, 3410, 3482, 3547
Leo, Leo, 10, 57, +11, 16, 4057, 3975, 3982, 4359, 4534, 4357, 4057, 4031, 3905, 3873
Sgr, Sagittarius, 19, 45, -18, 17, 7597, 7440, 7362, 7292, 7234, 7121, 7217, 7264, 7304, 7340, 7342, -1, 7337, 7348, 7194, 7234, -1, 6832, 6879, 6859, 6913, 7039, 7121, -1, 6746, 6859, -1, 6812, 6913
Sex, Sextans, 10, 34, -4, 29, 3981, 3909, 4119
